10
0: (1, 4) (5, 1) (3, 8) (4, 5) (9, 9) (8, 9) (6, 4) (7, 1) (2, 2) 
1: (0, 4) (4, 3) (6, 9) (9, 10) (7, 6) (8, 8) (5, 6) (2, 5) (3, 4) 
2: (4, 2) (8, 6) (7, 3) (9, 7) (5, 4) (1, 5) (6, 4) (3, 2) (0, 2) 
3: (0, 8) (4, 1) (8, 1) (5, 1) (2, 2) (7, 4) (1, 4) (6, 5) (9, 4) 
4: (1, 3) (2, 2) (5, 2) (7, 2) (3, 1) (0, 5) (6, 1) (8, 8) (9, 7) 
5: (4, 2) (0, 1) (2, 4) (6, 1) (7, 2) (1, 6) (9, 4) (3, 1) (8, 3) 
6: (1, 9) (8, 7) (5, 1) (4, 1) (7, 10) (9, 5) (2, 4) (0, 4) (3, 5) 
7: (2, 3) (4, 2) (1, 6) (5, 2) (6, 10) (0, 1) (3, 4) (9, 4) (8, 1) 
8: (2, 6) (6, 7) (1, 8) (0, 9) (3, 1) (4, 8) (5, 3) (9, 4) (7, 1) 
9: (1, 10) (2, 7) (0, 9) (6, 5) (5, 4) (4, 7) (7, 4) (8, 4) (3, 4) 
